-5.674146420610986
-5.628388930050312
-9.0
-5.498055161555305
-3.888026240556344
-5.783290890036055
-5.783290890036055
-9.0
-5.650665324761464
-5.5676910896967
-9.0
-5.221848749616356
-5.586996244892086
-9.0
-5.285966249228105
-5.929418925714293
-6.144089090703526
-5.072086429283024
-6.248177688338705
-4.498055161555305
-5.929418925714293
-6.32735893438633
-5.005139639652411
-6.066096065593837
-6.078160576995217
-9.0
-5.929418925714293
-5.933783731116743
-6.248177688338705
-9.0
-6.165990932151355
-5.7533276666586115
-6.239222845685779
-5.815475573407456
-5.8880262405560675
-5.698970004336019
-5.385350881364017
-9.0
-6.197025165891324
-9.0
-5.482260894372073
-9.0
-9.0
-6.230448921378274
-6.0486053334335015
-9.0
-4.783290890036055
-5.424268947394387
-9.0
-5.43805723188002
-5.109874990172424
-5.7533276666586115
-5.349635329097483
-6.090569834977037
-5.628388930050312
-5.783290890036055
-6.066096065593837
-5.514445577743475
-5.650665324761464
-5.8880262405560675
-5.650665324761464
-5.230448921378274
-5.783290890036055
-6.213415582079493
-9.0
-5.970377533393199
-5.8880262405560675
-4.5492076840026865
-9.0
-9.0
-4.783290890036055
-6.026328938722349
-5.230448921378274
-6.197025165891324
-5.650665324761464
-5.8880262405560675
-6.2666610940327185
-9.0
-9.0
-9.0
-9.0
-9.0
-5.43805723188002
-5.410904985836405
-5.248177688338705
-9.0
-4.783290890036055
-9.0
-9.0
-6.43805723188002
-9.0
-5.783290890036055
-9.0
-9.0
-5.467020927815336
-9.0
-5.43805723188002
-6.586996244892086
-5.037324323023812
-6.373116424947005
-5.514445577743475
-5.514445577743475
-5.385350881364017
-5.929418925714293
-5.8880262405560675
-5.698970004336019
-9.0
-6.725298943058368
-6.221848749616356
-9.0
-9.0
-9.0
-5.850237679666668
-5.514445577743475
-5.531478917042255
-6.020933906835643
-5.984936253564124
-5.7533276666586115
-9.0
-9.0
-9.0
-9.0
-5.815475573407456
-5.498055161555305
-5.698970004336019
-5.306169635316392
-9.0
-6.306169635316392
-5.628388930050312
-9.0
-4.32735893438633
-5.586996244892086
-5.1370272362160385
-6.130078376260711
-9.0
-9.0
-5.8880262405560675
-5.349635329097483
-6.103344123013466
-4.929418925714293
-9.0
-5.929418925714293
-5.498055161555305
-5.109874990172424
-5.607199630980373
-5.674146420610986
-5.628388930050312
-9.0
-9.0
-9.0
-5.989899673095674
-5.725298943058368
-9.0
-5.8880262405560675
-9.0
-6.8880262405560675
-4.205143056113504
-5.32735893438633
-5.674146420610986
-4.970377533393199
-5.8880262405560675
-6.197025165891324
-9.0
-5.276206411938949
-5.43805723188002
-5.815475573407456
-9.0
-5.8880262405560675
-5.674146420610986
-9.0
-5.586996244892086
-5.850237679666668
-5.7533276666586115
-5.2666610940327185
-4.116505569071437
-4.173544070041801
-5.498055161555305
-4.8880262405560675
-5.239222845685779
-5.7533276666586115
-4.45229767099463
-5.938192850021798
-6.514445577743475
-5.698970004336019
-4.850237679666668
-6.054357662322593
-6.173544070041801
-5.850237679666668
-5.989899673095674
-9.0
-4.8880262405560675
-5.994920474470725
-6.116505569071437
-6.096910013008056
-5.947147692674724
-5.98002891906938
-9.0
-6.239222845685779
-5.586996244892086
-5.929418925714293
-6.173544070041801
-5.951695320425445
-5.123238951730405
-5.410904985836405
-5.45229767099463
-5.929418925714293
-5.467020927815336
-9.0
-9.0
-5.181230898708092
-5.850237679666668
-5.725298943058368
-9.0
-6.5492076840026865
-5.43805723188002
-5.650665324761464
-6.230448921378274
-9.0
-5.607199630980373
-9.0
-5.815475573407456
-5.783290890036055
-5.850237679666668
-9.0
-5.650665324761464
-4.815475573407456
-5.32735893438633
-5.674146420610986
-5.7533276666586115
-5.7533276666586115
-6.424268947394387
-9.0
-5.929418925714293
-6.123238951730405
-5.674146420610986
-5.7533276666586115
-5.257321067778575
-5.7533276666586115
-4.850237679666668
-6.316635068994557
-9.0
-9.0
-9.0
-5.373116424947005
-4.698970004336019
-6.482260894372073
-4.850237679666668
-9.0
-9.0
-9.0
-5.8880262405560675
-9.0
-9.0
-5.628388930050312
-9.0
-5.026328938722349
-5.054357662322593
-6.32735893438633
-9.0
-5.815475573407456
-6.349635329097483
-9.0
-6.205143056113504
-6.850237679666668
-5.151267675330649
-9.0
-5.0
-6.3979400086720375
-9.0
-4.385350881364017
-5.929418925714293
-5.850237679666668
-5.815475573407456
-4.725298943058368
-5.338354318687793
-5.970377533393199
-5.3979400086720375
-9.0
-6.010340833338219
-5.5492076840026865
-5.45229767099463
-9.0
-9.0
-9.0
-9.0
-9.0
-5.042928200541811
-5.467020927815336
-6.482260894372073
-6.060187205983317
-5.8880262405560675
-9.0
-5.3979400086720375
-9.0
-5.5676910896967
-5.698970004336019
-5.7533276666586115
-5.929418925714293
-5.783290890036055
-5.815475573407456
-9.0
-5.929418925714293
-5.725298943058368
-9.0
-5.5492076840026865
-5.815475573407456
-5.929418925714293
-9.0
-5.467020927815336
-9.0
-9.0
-6.410904985836405
-6.072086429283024
-6.1370272362160385
-9.0
-5.783290890036055
-5.072086429283024
-9.0
-5.306169635316392
-9.0
-9.0
-9.0
-5.975176416274968
-5.239222845685779
-6.467020927815336
-6.257321067778575
-9.0
-6.5676910896967
-5.197025165891324
-5.015605073330576
-4.9949204744707245
-4.850237679666668
-4.9949204744707245
-5.725298943058368
-5.514445577743475
-5.850237679666668
-5.783290890036055
-5.7533276666586115
-6.103344123013466
-5.090569834977037
-4.674146420610986
-9.0
-9.0
-5.674146420610986
-9.0
-5.607199630980373
-5.197025165891324
-5.783290890036055
-6.361217201647298
-5.531478917042255
-5.7533276666586115
-5.942647191448048
-6.151267675330649
-9.0
-6.078160576995217
-5.276206411938949
-5.385350881364017
-3.1970251658913647
-4.783290890036055
-5.7533276666586115
-6.410904985836405
-6.43805723188002
-4.7533276666586115
-5.674146420610986
-6.130078376260711
-6.498055161555305
-5.698970004336019
-5.482260894372073
-9.0
-6.205143056113504
-5.783290890036055
-6.042928200541811
-5.725298943058368
-6.158566914072148
-5.498055161555305
-9.0
-4.674146420610986
-5.3979400086720375
-5.650665324761464
-9.0
-5.783290890036055
-4.5676910896967
-5.783290890036055
-9.0
-4.850237679666668
-6.130078376260711
-5.725298943058368
-5.815475573407456
-9.0
-6.628388930050312
-5.7533276666586115
-4.0486053334335015
-5.385350881364017
-6.467020927815336
-5.8880262405560675
-9.0
-6.197025165891324
-6.066096065593837
-5.929418925714293
-5.98002891906938
-9.0
-6.010340833338219
-9.0
-6.7533276666586115
-4.467020927815336
-6.015605073330576
-6.054357662322593
-9.0
-9.0
-5.929418925714293
-4.929418925714293
-5.725298943058368
-5.850237679666668
-5.783290890036055
-5.650665324761464
-5.965631098368737
-6.698970004336019
-6.45229767099463
-5.43805723188002
-5.361217201647298
-3.989899673095974
-5.850237679666668
-5.850237679666668
-6.054357662322593
-5.586996244892086
-5.8880262405560675
-5.531478917042255
-9.0
-6.026328938722349
-9.0
-9.0
-5.45229767099463
-5.783290890036055
-5.5492076840026865
-5.650665324761464
-5.8880262405560675
-9.0
-4.498055161555305
-5.725298943058368
-5.158566914072148
-6.066096065593837
-5.929418925714293
-9.0
-6.295950470134706
-5.674146420610986
-5.467020927815336
-6.116505569071437
-5.929418925714293
-5.5492076840026865
-5.783290890036055
-6.031791834423851
-6.349635329097483
-9.0
-6.3979400086720375
-9.0
-4.8880262405560675
-6.005139639652411
-4.8880262405560675
-5.8880262405560675
-9.0
-5.3979400086720375
-9.0
-5.5676910896967
-5.173544070041801
-5.698970004336019
-5.850237679666668
-6.158566914072148
-6.197025165891324
-5.385350881364017
-9.0
-5.8880262405560675
-5.7533276666586115
-5.349635329097483
-6.123238951730405
-5.424268947394387
-9.0
-5.815475573407456
-6.103344123013466
-5.8880262405560675
-4.956291072114594
-6.424268947394387
-5.5492076840026865
-9.0
-6.2666610940327185
-5.698970004336019
-5.8880262405560675
-9.0
-5.850237679666668
-5.815475573407456
-6.221848749616356
-6.531478917042255
-5.45229767099463
-9.0
-5.850237679666668
-5.725298943058368
-9.0
-5.628388930050312
-5.960935977160357
-9.0
-5.850237679666668
-6.783290890036055
-6.361217201647298
-9.0
-5.338354318687793
-6.010340833338219
-5.698970004336019
-9.0
-6.205143056113504
-6.248177688338705
-9.0
-5.205143056113504
-5.965631098368737
-5.929418925714293
-9.0
-5.725298943058368
-6.084320885700036
-5.783290890036055
-5.725298943058368
-5.197025165891324
-5.230448921378274
-6.090569834977037
-5.096910013008056
-9.0
-5.850237679666668
-5.020933906835643
-5.467020927815336
-6.257321067778575
-5.725298943058368
-4.929418925714293
-6.783290890036055
-5.338354318687793
-4.5676910896967
-9.0
-5.7533276666586115
-9.0
-5.965631098368737
-9.0
-5.7533276666586115
-6.3979400086720375
-5.989899673095674
-5.5676910896967
-5.248177688338705
-5.1370272362160385
-4.933783731116743
-5.32735893438633
-9.0
-9.0
-6.467020927815336
-9.0
-5.8880262405560675
-6.815475573407456
-5.586996244892086
-5.586996244892086
-4.276206411938949
-6.349635329097483
-4.424268947394387
-5.628388930050312
-3.9656310983689265
-5.607199630980373
-9.0
-5.933783731116743
-9.0
-6.037324323023812
-6.295950470134706
-5.054357662322593
-9.0
-4.8880262405560675
-5.5492076840026865
-5.725298943058368
-9.0
-5.698970004336019
-6.338354318687793
-5.8880262405560675
-6.026328938722349
-5.482260894372073
-5.929418925714293
-5.586996244892086
-5.956291072114594
-5.498055161555305
-9.0
-5.850237679666668
-5.815475573407456
-6.285966249228105
-5.037324323023812
-9.0
-5.8880262405560675
-5.725298943058368
-9.0
-4.929418925714293
-4.514445577743475
-6.158566914072148
-6.410904985836405
-9.0
-5.7533276666586115
-9.0
-6.205143056113504
-5.7533276666586115
-6.181230898708092
-6.130078376260711
-9.0
-9.0
-5.674146420610986
-5.257321067778575
-6.285966249228105
-9.0
-5.031791834423851
-9.0
-5.43805723188002
-5.725298943058368
-5.7533276666586115
-5.424268947394387
-5.498055161555305
-6.173544070041801
-3.1970251658913647
-9.0
-5.929418925714293
-6.531478917042255
-6.205143056113504
-6.037324323023812
-9.0
-5.424268947394387
-5.5676910896967
-9.0
-6.158566914072148
-5.850237679666668
-6.020933906835643
-5.410904985836405
-5.698970004336019
-5.295950470134706
-5.5676910896967
-6.725298943058368
-6.586996244892086
-5.674146420610986
-6.103344123013466
-5.221848749616356
-5.947147692674724
-6.026328938722349
-9.0
-5.276206411938949
-5.7533276666586115
-5.929418925714293
-5.650665324761464
-5.929418925714293
-5.5492076840026865
-9.0
-5.060187205983317
-9.0
-6.0486053334335015
-5.994920474470725
-6.514445577743475
-6.385350881364017
-9.0
-5.316635068994557
-9.0
-5.628388930050312
-6.276206411938949
-5.815475573407456
-9.0
-9.0
-4.410904985836405
-5.410904985836405
-9.0
-9.0
-6.285966249228105
-6.123238951730405
-5.933783731116743
-6.213415582079493
-5.7533276666586115
-4.933783731116743
-5.698970004336019
-9.0
-5.815475573407456
-4.929418925714293
-5.650665324761464
-4.482260894372073
-5.8880262405560675
-5.410904985836405
-6.173544070041801
-6.32735893438633
-5.5676910896967
-5.5676910896967
-6.349635329097483
-5.010340833338219
-5.698970004336019
-9.0
-5.929418925714293
-5.607199630980373
-6.725298943058368
-5.8880262405560675
-5.850237679666668
-9.0
-5.850237679666668
-4.984936253564124
-4.929418925714293
-5.783290890036055
-9.0
-9.0
-9.0
-5.698970004336019
-6.285966249228105
-6.221848749616356
-4.338354318687793
-6.674146420610986
-3.8502376796667765
-6.189056236220049
-4.650665324761464
-9.0
-5.410904985836405
-5.783290890036055
-6.295950470134706
-5.295950470134706
-5.815475573407456
-6.158566914072148
-9.0
-5.725298943058368
-6.072086429283024
-9.0
-9.0
-9.0
-5.815475573407456
-6.090569834977037
-4.929418925714293
-5.965631098368737
-5.586996244892086
-5.482260894372073
-9.0
-6.123238951730405
-5.698970004336019
-9.0
-5.815475573407456
-9.0
-9.0
-4.586996244892086
-5.5492076840026865
-5.498055161555305
-6.586996244892086
-9.0
-5.531478917042255
-6.181230898708092
-5.674146420610986
-9.0
-5.975176416274968
-5.338354318687793
-9.0
-5.674146420610986
-5.929418925714293
-5.850237679666668
-9.0
-6.1098749901724245
-6.060187205983317
-9.0
-5.230448921378274
-5.650665324761464
-6.078160576995217
-5.933783731116743
-9.0
-4.144089090703526
-5.586996244892086
-5.072086429283024
-6.45229767099463
-6.45229767099463
-5.815475573407456
-4.929418925714293
-9.0
-9.0
-4.349635329097483
-9.0
-6.276206411938949
-4.607199630980373
-9.0
-5.929418925714293
-9.0
-9.0
-9.0
-4.815475573407456
-9.0
-5.373116424947005
-9.0
-9.0
-5.725298943058368
-5.116505569071437
-9.0
-9.0
-9.0
-5.531478917042255
-5.498055161555305
-6.096910013008056
-9.0
-5.783290890036055
-9.0
-9.0
-9.0
-5.674146420610986
-9.0
-9.0
-5.783290890036055
-6.0
-9.0
-9.0
-9.0
-9.0
-5.607199630980373
-6.650665324761464
-9.0
-6.783290890036055
-5.7533276666586115
-5.984936253564124
-5.424268947394387
-9.0
-9.0
-9.0
-6.0486053334335015
-5.45229767099463
-5.373116424947005
-5.815475573407456
-5.960935977160357
-9.0
-5.850237679666668
-9.0
-5.674146420610986
-9.0
-5.725298943058368
-5.424268947394387
-9.0
-5.5492076840026865
-3.9609359771606845
-9.0
-9.0
-6.060187205983317
-5.116505569071437
-6.316635068994557
-9.0
-5.650665324761464
-6.498055161555305
-9.0
-6.078160576995217
-6.084320885700036
-9.0
-5.698970004336019
-9.0
-6.090569834977037
-5.607199630980373
-6.1370272362160385
-9.0
-5.5492076840026865
-6.221848749616356
-5.929418925714293
-5.929418925714293
-9.0
-5.674146420610986
-5.189056236220049
-5.248177688338705
-9.0
-5.938192850021798
-9.0
-4.929418925714293
-5.32735893438633
-5.482260894372073
-5.43805723188002
-5.338354318687793
-5.628388930050312
-6.103344123013466
-9.0
-5.947147692674724
-6.0
-6.165990932151355
-5.498055161555305
-5.5492076840026865
-4.165990932151355
-9.0
-5.467020927815336
-6.316635068994557
-9.0
-4.698970004336019
-9.0
-5.8880262405560675
-5.815475573407456
-5.698970004336019
-9.0
-5.586996244892086
-9.0
-5.929418925714293
-5.650665324761464
-5.531478917042255
-9.0
-6.531478917042255
-4.970377533393199
-9.0
-6.5492076840026865
-6.123238951730405
-5.8880262405560675
-4.783290890036055
-9.0
-5.2666610940327185
-5.467020927815336
-5.531478917042255
-6.090569834977037
-9.0
-5.725298943058368
-5.8880262405560675
-5.586996244892086
-9.0
-9.0
-4.725298943058368
-4.8880262405560675
-5.929418925714293
-9.0
-6.586996244892086
-9.0
-5.815475573407456
-9.0
-5.650665324761464
-5.725298943058368
-5.850237679666668
-9.0
-9.0
-9.0
-4.066096065593837
-9.0
-6.5492076840026865
-5.725298943058368
-9.0
-4.607199630980373
-5.1370272362160385
-5.45229767099463
-9.0
-5.316635068994557
-9.0
-6.43805723188002
-5.956291072114594
-9.0
-9.0
-5.815475573407456
-5.586996244892086
-6.850237679666668
-6.306169635316392
-5.424268947394387
-4.815475573407456
-5.674146420610986
-6.607199630980373
-5.607199630980373
-5.850237679666668
-6.257321067778575
-6.239222845685779
-6.338354318687793
-9.0
-6.221848749616356
-9.0
-5.607199630980373
-5.361217201647298
-5.947147692674724
-5.674146420610986
-5.698970004336019
-9.0
-6.031791834423851
-9.0
-6.45229767099463
-6.189056236220049
-5.674146420610986
-6.165990932151355
-5.850237679666668
-4.975176416274968
-9.0
-6.230448921378274
-5.306169635316392
-5.248177688338705
-5.8880262405560675
-9.0
-9.0
-5.096910013008056
-9.0
-6.2666610940327185
-6.103344123013466
-9.0
-6.096910013008056
-6.230448921378274
-5.628388930050312
-9.0
-5.933783731116743
-5.628388930050312
-5.173544070041801
-5.850237679666668
-6.850237679666668
-4.116505569071437
-5.850237679666668
-9.0
-6.361217201647298
-5.467020927815336
-4.7533276666586115
-5.586996244892086
-5.123238951730405
-5.951695320425445
-5.45229767099463
-6.5676910896967
-5.7533276666586115
-9.0
-9.0
-9.0
-9.0
-5.850237679666668
